comparison_field	HCC38_HCC1143	K562_Dixit	replication_status
canonical backbone present	True	True	CONFIRMED
shift-excess present	True	True	CONFIRMED
backbone macro class	gene expression machinery	biosynthetic support / mitochondrial metabolism	CONTEXT_SPECIFIC
shift-excess macro class	signaling / growth control	unresolved	CONTEXT_SPECIFIC
architecture class	backbone_plus_shift_excess	backbone_dominant	DIFFERENT
